0.20024213504687996 0.6360810526382035
0.13582422290253204 0.6315649780658388
0.11763029665719023 0.6295354434272391
0.10636675051201361 0.6276301375181561
0.0981964652951114 0.6257838638622476
0.0917982435926833 0.624830796692205
0.08649635295906247 0.6240734505744752
0.08166259897608412 0.623396250598596
0.0773171508381386 0.6222043922446384
0.073226977322877 0.622058154665649
0.06961216782740089 0.6219112515350878
0.06608030180045557 0.6212396921404578
0.062393101832606046 0.6211064495609272
0.059064878093946026 0.6208579592343276
0.05586550543952489 0.6204126490433391
0.052679884218653175 0.6203529217196702
0.04990233426628756 0.6198463313612194
0.047021061619905324 0.6200167108328175
0.04435708250332054 0.6200114321391927
0.042221470862511365 0.6200025951339228
0.039963654700459275 0.6198458129772276
0.03754790769074329 0.6197354416759119
0.03609162220998986 0.6195425202657071
0.03380520799344754 0.6195697175880366
0.03202235790745189 0.6193937898948236
0.03076524386280647 0.619694015857516
0.02863767228121287 0.6193641441059049
0.02713551179318563 0.6195701680827219
0.026230971663004133 0.6194266175626657
0.024439674951582068 0.6194044140597357
0.023347666443865458 0.6192885299848258
0.02189507651057538 0.6194764405240544
0.020694972102749957 0.6192769615136712
0.01913398278345071 0.6193694567381788
0.018052184839148576 0.6193267382092088
0.017094258705423675 0.6192582343901529
0.01605438961646805 0.6191819317328839
0.014973089887548465 0.619310927060145
0.01443540696050688 0.6190441280223445
0.013567103561605514 0.619292052117856
0.012472433410012392 0.6193004467151003
0.011859772698144285 0.6192219891980223
0.011544288806582672 0.6190768124647603
0.01062107530639467 0.619153136576054
0.00993255512253242 0.6190612930401912
0.009640685540478752 0.6190938046363159
