0.1450705725091173 0.633130382957386
0.10550237576944142 0.6291984974714724
0.09442389697172057 0.6280711838504093
0.0880076711397605 0.6267814002471814
0.08345427419961068 0.6258305966821696
0.07997565450866029 0.6255002497162354
0.07703022676630973 0.6252941932032747
0.07456181817154464 0.6247108478250792
0.07231078628203144 0.6241131795574313
0.07034505131733534 0.6238662348192685
0.06855639584509375 0.6236824469612312
0.06688133441066059 0.6231687775576018
0.0653905607927498 0.6230926437536742
0.06403311637133847 0.6232977698867378
0.0626348509264665 0.6231262454238775
0.06145903088855602 0.622823717036169
0.060357017335453886 0.6229488782841128
0.05914868579277655 0.6226246769957435
0.05803136635279445 0.6227034463615775
0.05716928835757606 0.623092463057333
0.05610067963269361 0.6227473226854988
0.05524841569790437 0.6224073492345611
0.054321084875219194 0.6228624900541097
0.05363234252997122 0.6226424290657254
0.052739497539568976 0.6223119359228525
0.051988466863661174 0.6221419506793953
0.0510471914449005 0.6221636805421225
0.05033377754203079 0.6220988328840713
0.049873691654632846 0.6224080891166341
0.049279984702945714 0.6222661516707158
0.048502050718974066 0.6224020410479866
0.047904387151895836 0.6221167315321899
0.04753851627523506 0.6220989968680349
0.046576278224835226 0.6222117455276418
0.04599903823697744 0.6221950795570292
