0.15489958694231734 0.6355972182292027
0.11031387232736165 0.6310297528935503
0.09743921171483413 0.6296932906810281
0.09041937978547869 0.6286377607784814
0.08549602365322059 0.6283729194710568
0.08155299485699137 0.627695176932272
0.07813983202537611 0.6273919175490872
0.07508566525787716 0.6269521920625413
0.07230739379124958 0.6269225751341727
0.06969470581206952 0.6261809475949115
0.06724562837648586 0.6267697208618058
0.06490449186752226 0.6265658719608349
0.06275333021294723 0.6263788763090278
0.06056192762873485 0.6263940610868668
0.0586529189730435 0.6262228805709876
0.0565890075636301 0.6263237298867449
0.054679011308717 0.625904339359409
0.05303764056863762 0.6258518964260503
0.05134567913623226 0.6258741816733924
0.049786648173602135 0.6260971539091968
0.04809909747724197 0.6258520248775209
0.04660407080057089 0.6257663180554164
0.04535980242719205 0.6255514234762097
0.04406518823511036 0.6254644901928916
0.04254609760146875 0.6255719831946625
0.041410669344400394 0.6254127115773611
0.04026040249066887 0.6255830149502278
0.03903984498120705 0.6255766479274554
0.03820461105673401 0.6256723071492819
0.03691355349482848 0.6253802909799749
0.035812731705810105 0.6254282310182067
0.03500690593619576 0.625412793824656
0.03401363261066425 0.6252855464694572
0.0332261856717881 0.6258433749652069
0.03232056315068414 0.6255936493093894
0.031520459905727646 0.625418178770035
0.030548338818556616 0.625618887522918
0.030013500939870316 0.6253126074684653
0.029216599766180035 0.6255970544468219
0.02849646496089045 0.6257359241936593
